# some of this is from Nucleic Acids Research, 2010, Vol. 38, No. 4
# GAPs: open 10, extension 10
# positive scores made for R, N
# AG : N 1, R 1, Y -3
# CT : N 1, R -3, Y 1
# K :
# 
       A    C    D    E    F    G    H    I    K    L    M    N    P    Q    R    S    T    V    W    Y
A      2   -4    0    0    0   -4    0    0    0    0    0    1    0    0    1    0   -4    0    0   -3
C     -4    5    0    0    0   -4    0    0    0    0    0    1    0    0   -3    0   -4    0    0    1
D      0    0    0    0    0    0    0    0    0    0    0    0    0    0    0    0    0    0    0    0
E      0    0    0    0    0    0    0    0    0    0    0    0    0    0    0    0    0    0    0    0
F      0    0    0    0    0    0    0    0    0    0    0    0    0    0    0    0    0    0    0    0
G     -4   -4    0    0    0    5    0    0    0    0    0    1    0    0    1    0   -4    0    0    0
H      0    0    0    0    0    0    0    0    0    0    0    0    0    0    0    0    0    0    0    0
I      0    0    0    0    0    0    0    0    0    0    0    0    0    0    0    0    0    0    0    0
K      0    0    0    0    0    0    0    0    0    0    0    0    0    0    0    0    0    0    0    0
L      0    0    0    0    0    0    0    0    0    0    0    0    0    0    0    0    0    0    0    0
M      0    0    0    0    0    0    0    0    0    0    0    0    0    0    0    0    0    0    0    0
N      1    1    0    0    0    1    0    0    0    0    0    1    0    0    1    0    1    0    0    0
P      0    0    0    0    0    0    0    0    0    0    0    0    0    0    0    0    0    0    0    0
Q      0    0    0    0    0    0    0    0    0    0    0    0    0    0    0    0    0    0    0    0
R      1   -3    0    0    0    1    0    0    0    0    0    1    0    0    0    0   -3    0    0   -3
S      0    0    0    0    0    0    0    0    0    0    0    0    0    0    0    0    0    0    0    0
T     -4   -4    0    0    0   -4    0    0    0    0    0    1    0    0   -3    0    2    0    0    0
V      0    0    0    0    0    0    0    0    0    0    0    0    0    0    0    0    0    0    0    0
W      0    0    0    0    0    0    0    0    0    0    0    0    0    0    0    0    0    0    0    0
Y     -3    1    0    0    0    0    0    0    0    0    0    0    0    0   -3    0    0    0    0    0
